4 48 19
0 4.163 13.559
1 21.387 17.105
2 -36.118 49.097
3 -31.201 0.235
4 -29.73 64.136
5 -30.664 5.463
6 51.642 5.469
7 -13.171 69.336
8 -67.413 68.323
9 48.907 6.274
10 5.243 22.26
11 -65.002 77.234
12 -4.175 -1.569
13 23.029 11.639
14 25.482 6.287
15 -42.615 -26.392
16 -76.672 99.341
17 -20.673 57.892
18 -52.039 6.567
19 -41.376 50.824
20 -91.943 27.588
21 -65.118 30.212
22 18.597 96.716
23 -40.942 83.209
24 -37.756 -33.325
25 23.767 29.083
26 -43.03 20.453
27 -35.297 -24.896
28 -54.755 14.368
29 -49.329 33.374
30 57.404 23.822
31 -22.754 55.408
32 -56.622 73.34
33 -38.562 -3.705
34 -16.779 19.537
35 -11.56 11.615
36 -46.545 97.974
37 16.229 9.32
38 1.294 7.349
39 -26.404 29.529
40 4.352 14.685
41 -50.665 -23.126
42 -22.833 -9.814
43 -71.1 -18.616
44 -7.849 32.074
45 11.877 -24.933
46 -18.927 -23.73
47 -11.92 11.755
48 29.84 11.633
49 12.268 -55.811
50 -37.933 -21.613
51 42.883 -2.966
23 36
36 16
16 11
11 8
8 32
21 29
29 26
26 28
28 18
18 43
39 44
44 34
34 47
47 35
37 13
13 14
14 48
48 25
25 30
