4 50 21
0 20.0 20.0
1 30.0 40.0
2 50.0 30.0
3 60.0 50.0
4 37.0 52.0
5 49.0 49.0
6 52.0 64.0
7 20.0 26.0
8 40.0 30.0
9 21.0 47.0
10 17.0 63.0
11 31.0 62.0
12 52.0 33.0
13 51.0 21.0
14 42.0 41.0
15 31.0 32.0
16 5.0 25.0
17 12.0 42.0
18 36.0 16.0
19 52.0 41.0
20 27.0 23.0
21 17.0 33.0
22 13.0 13.0
23 57.0 58.0
24 62.0 42.0
25 42.0 57.0
26 16.0 57.0
27 8.0 52.0
28 7.0 38.0
29 27.0 68.0
30 30.0 48.0
31 43.0 67.0
32 58.0 48.0
33 58.0 27.0
34 37.0 69.0
35 38.0 46.0
36 46.0 10.0
37 61.0 33.0
38 62.0 63.0
39 63.0 69.0
40 32.0 22.0
41 45.0 35.0
42 59.0 15.0
43 5.0 6.0
44 10.0 17.0
45 21.0 10.0
46 5.0 64.0
47 30.0 15.0
48 39.0 10.0
49 32.0 39.0
50 25.0 32.0
51 25.0 55.0
52 48.0 28.0
53 56.0 37.0
39 38
10 26
26 9
17 9
17 21
21 7
44 22
22 45
11 25
25 5
5 19
19 53
53 37
4 35
35 14
14 41
50 15
15 8
8 52
18 48
48 36