6 72 27
0 42.395 -8.344
1 -42.175 -14.554
2 16.034 40.726
3 -14.639 29.633
4 16.049 -3.934
5 46.112 12.43
6 -92.7 -59.18
7 71.179 12.543
8 31.537 66.638
9 -4.694 25.537
10 -30.194 67.773
11 12.677 -57.471
12 -32.355 -20.966
13 19.91 48.975
14 13.202 -19.135
15 54.877 -41.168
16 15.063 -25.171
17 -50.598 -16.418
18 -29.73 17.078
19 17.542 1.575
20 11.127 77.216
21 33.752 71.259
22 -56.012 -10.394
23 57.874 -16.29
24 10.718 -18.787
25 53.088 -18.75
26 1.569 7.532
27 31.531 48.944
28 -66.833 -37.854
29 -70.74 62.244
30 32.538 23.096
31 -51.453 -36.444
32 36.456 -22.638
33 -31.207 43.494
34 -10.388 34.491
35 14.722 -10.834
36 47.095 -21.387
37 43.781 34.766
38 53.546 -67.487
39 26.801 46.515
40 63.385 11.981
41 47.192 -5.475
42 -16.315 -11.267
43 78.9 17.651
44 79.822 22.272
45 12.878 16.919
46 -67.981 -3.754
47 9.198 -18.597
48 -35.95 -19.141
49 28.766 45.276
50 11.469 68.231
51 -22.76 45.496
52 -65.674 -23.12
53 7.239 1.599
54 -29.785 -11.285
55 -89.05 16.211
56 -46.887 -3.363
57 -14.972 30.621
58 -17.035 49.774
59 31.635 53.619
60 -3.577 13.342
61 33.008 58.96
62 -92.95 63.263
63 -9.137 -22.931
64 -39.96 6.195
65 28.43 -19.214
66 -28.54 -3.485
67 31.415 36.859
68 -49.426 60.602
69 -72.827 -27.765
70 60.083 -45.905
71 10.87 -3.9
72 25.122 7.672
73 -46.997 -17.474
74 16.058 33.02
75 25.409 -11.7
76 68.323 -5.145
77 -13.104 62.158
62 29
29 68
68 10
55 46
46 22
22 56
56 64
64 18
60 26
26 53
53 71
71 35
35 14
14 24
24 47
21 8
8 61
61 59
59 27
27 49
49 39
44 43
43 76
76 73
73 25
25 36
36 15