2 80 25
0 0.0 0.0
1 110.0 0.0
2 -10.0 -10.0
3 -10.0 0.0
4 -10.0 10.0
5 0.0 -10.0
6 0.0 10.0
7 10.0 -10.0
8 10.0 0.0
9 10.0 10.0
10 -20.0 -20.0
11 -20.0 0.0
12 -20.0 20.0
13 0.0 -20.0
14 0.0 20.0
15 20.0 -20.0
16 20.0 0.0
17 20.0 20.0
18 -30.0 -30.0
19 -30.0 0.0
20 -30.0 30.0
21 0.0 -30.0
22 0.0 30.0
23 30.0 -30.0
24 30.0 0.0
25 30.0 30.0
26 -40.0 -40.0
27 -40.0 0.0
28 -40.0 40.0
29 0.0 -40.0
30 0.0 40.0
31 40.0 -40.0
32 40.0 0.0
33 40.0 40.0
34 -50.0 -50.0
35 -50.0 0.0
36 -50.0 50.0
37 0.0 -50.0
38 0.0 50.0
39 50.0 -50.0
40 50.0 0.0
41 50.0 50.0
42 100.0 -10.0
43 100.0 0.0
44 100.0 10.0
45 110.0 -10.0
46 110.0 10.0
47 120.0 -10.0
48 120.0 0.0
49 120.0 10.0
50 90.0 -20.0
51 90.0 0.0
52 90.0 20.0
53 110.0 -20.0
54 110.0 20.0
55 130.0 -20.0
56 130.0 0.0
57 130.0 20.0
58 80.0 -30.0
59 80.0 0.0
60 80.0 30.0
61 110.0 -30.0
62 110.0 30.0
63 140.0 -30.0
64 140.0 0.0
65 140.0 30.0
66 70.0 -40.0
67 70.0 0.0
68 70.0 40.0
69 110.0 -40.0
70 110.0 40.0
71 150.0 -40.0
72 150.0 0.0
73 150.0 40.0
74 60.0 -50.0
75 60.0 0.0
76 60.0 50.0
77 110.0 -50.0
78 110.0 50.0
79 160.0 -50.0
80 160.0 0.0
81 160.0 50.0
38 30
30 22
22 14
14 6
78 70
70 62
62 54
54 46
8 16
16 24
24 32
32 40
40 75
75 67
67 59
59 51
51 43
5 13
13 21
21 29
29 37
45 53
53 61
61 69
69 77