4 96 36
0 6.229 10.59
1 32.663 44.73
2 48.807 48.792
3 33.179 -4.968
4 33.588 30.75
5 48.828 65.314
6 86.176 59.344
7 39.27 -33.057
8 -23.37 86.853
9 48.132 95.593
10 -16.357 93.311
11 -57.703 -65.601
12 7.147 32.684
13 42.95 68.701
14 37.085 -2.112
15 77.759 55.817
16 -17.462 -56.567
17 58.575 59.888
18 57.776 15.344
19 -22.327 36.072
20 -7.08 30.493
21 55.658 60.425
22 -14.307 11.456
23 -29.724 24.268
24 43.219 0.739
25 45.184 35.474
26 64.484 2.24
27 55.078 72.241
28 16.925 15.741
29 45.038 -3.723
30 -76.782 5.939
31 36.169 0.256
32 29.218 8.936
33 65.057 5.225
34 42.175 -22.284
35 25.574 31.726
36 31.561 37.262
37 66.498 -54.169
38 46.576 -17.938
39 65.063 40.875
40 -2.716 24.768
41 -40.002 3.87
42 -73.505 57.043
43 81.146 -25.714
44 12.006 -7.965
45 42.761 38.092
46 3.857 -23.181
47 -7.367 24.39
48 35.944 -11.835
49 52.075 9.692
50 30.725 30.701
51 41.223 77.924
52 68.884 -40.546
53 76.312 86.67
54 63.934 78.54
55 29.15 -9.961
56 85.522 39.954
57 31.775 3.87
58 -20.544 19.086
59 55.353 43.817
60 35.406 10.278
61 25.464 -0.287
62 12.396 0.244
63 18.359 20.917
64 27.96 -15.039
65 -3.192 19.879
66 9.332 -41.351
67 -20.581 38.177
68 27.82 28.729
69 59.027 42.31
70 56.311 58.734
71 -51.654 -0.342
72 2.576 32.721
73 15.131 -3.046
74 66.595 34.937
75 19.476 20.142
76 -1.172 20.648
77 -21.204 13.66
78 98.846 1.257
79 82.593 72.003
80 30.017 -30.896
81 33.228 41.663
82 39.49 -8.539
83 54.498 70.813
84 3.058 10.248
85 51.831 -16.87
86 76.416 11.346
87 5.243 0.238
88 50.592 34.247
89 -5.231 -2.081
90 24.194 25.836
91 33.63 37.585
92 31.445 -7.001
93 30.707 -28.168
94 49.86 1.038
95 -35.767 14.142
96 -29.309 4.889
97 19.049 41.974
98 27.6 13.934
99 52.832 50.684
71 41
41 95
95 23
23 19
19 67
20 47
47 40
40 65
65 76
76 84
84 87
87 62
62 73
73 44
44 46
90 68
68 50
50 4
4 45
45 25
51 13
13 5
5 21
21 70
70 17
79 6
6 15
15 56
78 43
43 52
52 37
7 80
80 93
93 64
64 55
55 92