3 100 37
0 15.0 20.0
1 50.0 20.0
2 35.0 55.0
3 41.0 49.0
4 35.0 17.0
5 55.0 45.0
6 55.0 20.0
7 15.0 30.0
8 25.0 30.0
9 20.0 50.0
10 10.0 43.0
11 55.0 60.0
12 30.0 60.0
13 20.0 65.0
14 50.0 35.0
15 30.0 25.0
16 15.0 10.0
17 30.0 5.0
18 10.0 20.0
19 5.0 30.0
20 20.0 40.0
21 15.0 60.0
22 45.0 65.0
23 45.0 20.0
24 45.0 10.0
25 55.0 5.0
26 65.0 35.0
27 65.0 20.0
28 45.0 30.0
29 35.0 40.0
30 41.0 37.0
31 64.0 42.0
32 40.0 60.0
33 31.0 52.0
34 35.0 69.0
35 53.0 52.0
36 65.0 55.0
37 63.0 65.0
38 2.0 60.0
39 20.0 20.0
40 5.0 5.0
41 60.0 12.0
42 40.0 25.0
43 42.0 7.0
44 24.0 12.0
45 23.0 3.0
46 11.0 14.0
47 6.0 38.0
48 2.0 48.0
49 8.0 56.0
50 13.0 52.0
51 6.0 68.0
52 47.0 47.0
53 49.0 58.0
54 27.0 43.0
55 37.0 31.0
56 57.0 29.0
57 63.0 23.0
58 53.0 12.0
59 32.0 12.0
60 36.0 26.0
61 21.0 24.0
62 17.0 34.0
63 12.0 24.0
64 24.0 58.0
65 27.0 69.0
66 15.0 77.0
67 62.0 77.0
68 49.0 73.0
69 67.0 5.0
70 56.0 39.0
71 37.0 47.0
72 37.0 56.0
73 57.0 68.0
74 47.0 16.0
75 44.0 17.0
76 46.0 13.0
77 49.0 11.0
78 49.0 42.0
79 53.0 43.0
80 61.0 52.0
81 57.0 48.0
82 56.0 37.0
83 55.0 54.0
84 15.0 47.0
85 14.0 37.0
86 11.0 31.0
87 16.0 22.0
88 4.0 18.0
89 28.0 18.0
90 26.0 52.0
91 26.0 35.0
92 31.0 67.0
93 15.0 19.0
94 22.0 22.0
95 18.0 24.0
96 26.0 27.0
97 25.0 24.0
98 22.0 27.0
99 25.0 21.0
100 19.0 21.0
101 20.0 26.0
102 18.0 18.0
51 38
38 49
49 50
50 84
65 92
92 34
90 54
54 29
29 30
30 55
55 42
42 60
72 32
32 22
22 68
67 37
37 73
73 11
11 83
83 35
56 57
57 27
27 41
41 69
69 25
76 24
24 43
43 4
4 59
57 17
17 45
62 7
7 95
95 87
87 63
63 18
18 88

