4 100 40
0 15.0 35.0
1 55.0 35.0
2 35.0 20.0
3 35.0 50.0
4 41.0 49.0
5 35.0 17.0
6 55.0 45.0
7 55.0 20.0
8 15.0 30.0
9 25.0 30.0
10 20.0 50.0
11 10.0 43.0
12 55.0 60.0
13 30.0 60.0
14 20.0 65.0
15 50.0 35.0
16 30.0 25.0
17 15.0 10.0
18 30.0 5.0
19 10.0 20.0
20 5.0 30.0
21 20.0 40.0
22 15.0 60.0
23 45.0 65.0
24 45.0 20.0
25 45.0 10.0
26 55.0 5.0
27 65.0 35.0
28 65.0 20.0
29 45.0 30.0
30 35.0 40.0
31 41.0 37.0
32 64.0 42.0
33 40.0 60.0
34 31.0 52.0
35 35.0 69.0
36 53.0 52.0
37 65.0 55.0
38 63.0 65.0
39 2.0 60.0
40 20.0 20.0
41 5.0 5.0
42 60.0 12.0
43 40.0 25.0
44 42.0 7.0
45 24.0 12.0
46 23.0 3.0
47 11.0 14.0
48 6.0 38.0
49 2.0 48.0
50 8.0 56.0
51 13.0 52.0
52 6.0 68.0
53 47.0 47.0
54 49.0 58.0
55 27.0 43.0
56 37.0 31.0
57 57.0 29.0
58 63.0 23.0
59 53.0 12.0
60 32.0 12.0
61 36.0 26.0
62 21.0 24.0
63 17.0 34.0
64 12.0 24.0
65 24.0 58.0
66 27.0 69.0
67 15.0 77.0
68 62.0 77.0
69 49.0 73.0
70 67.0 5.0
71 56.0 39.0
72 37.0 47.0
73 37.0 56.0
74 57.0 68.0
75 47.0 16.0
76 44.0 17.0
77 46.0 13.0
78 49.0 11.0
79 49.0 42.0
80 53.0 43.0
81 61.0 52.0
82 57.0 48.0
83 56.0 37.0
84 55.0 54.0
85 15.0 47.0
86 14.0 37.0
87 11.0 31.0
88 16.0 22.0
89 4.0 18.0
90 28.0 18.0
91 26.0 52.0
92 26.0 35.0
93 31.0 67.0
94 15.0 19.0
95 22.0 22.0
96 18.0 24.0
97 26.0 27.0
98 25.0 24.0
99 22.0 27.0
100 25.0 21.0
101 19.0 21.0
102 20.0 26.0
103 18.0 18.0
49 50
50 51
51 85
85 11
11 48
48 20
20 87
17 47
47 94
94 103
98 100
100 90
9045
45 46
46 18
18 60
58 28
79 80
54 23
23 69
69 74
74 68
68 38
66 93
93 35
65 91
91 34
34 55
55 92
92 30
30 31
31 56
56 61
61 43
43 24
24 76
76 75
75 77
77 25
25 44