4 160 52
0 0.0 0.0
1 110.0 0.0
2 110.0 110.0
3 0.0 110.0
4 -10.0 -10.0
5 -10.0 0.0
6 -10.0 10.0
7 0.0 -10.0
8 0.0 10.0
9 10.0 -10.0
10 10.0 0.0
11 10.0 10.0
12 -20.0 -20.0
13 -20.0 0.0
14 -20.0 20.0
15 0.0 -20.0
16 0.0 20.0
17 20.0 -20.0
18 20.0 0.0
19 20.0 20.0
20 -30.0 -30.0
21 -30.0 0.0
22 -30.0 30.0
23 0.0 -30.0
24 0.0 30.0
25 30.0 -30.0
26 30.0 0.0
27 30.0 30.0
28 -40.0 -40.0
29 -40.0 0.0
30 -40.0 40.0
31 0.0 -40.0
32 0.0 40.0
33 40.0 -40.0
34 40.0 0.0
35 40.0 40.0
36 -50.0 -50.0
37 -50.0 0.0
38 -50.0 50.0
39 0.0 -50.0
40 0.0 50.0
41 50.0 -50.0
42 50.0 0.0
43 50.0 50.0
44 100.0 -10.0
45 100.0 0.0
46 100.0 10.0
47 110.0 -10.0
48 110.0 10.0
49 120.0 -10.0
50 120.0 0.0
51 120.0 10.0
52 90.0 -20.0
53 90.0 0.0
54 90.0 20.0
55 110.0 -20.0
56 110.0 20.0
57 130.0 -20.0
58 130.0 0.0
59 130.0 20.0
60 80.0 -30.0
61 80.0 0.0
62 80.0 30.0
63 110.0 -30.0
64 110.0 30.0
65 140.0 -30.0
66 140.0 0.0
67 140.0 30.0
68 70.0 -40.0
69 70.0 0.0
70 70.0 40.0
71 110.0 -40.0
72 110.0 40.0
73 150.0 -40.0
74 150.0 0.0
75 150.0 40.0
76 60.0 -50.0
77 60.0 0.0
78 60.0 50.0
79 110.0 -50.0
80 110.0 50.0
81 160.0 -50.0
82 160.0 0.0
83 160.0 50.0
84 100.0 100.0
85 100.0 110.0
86 100.0 120.0
87 110.0 100.0
88 110.0 120.0
89 120.0 100.0
90 120.0 110.0
91 120.0 120.0
92 90.0 90.0
93 90.0 110.0
94 90.0 130.0
95 110.0 90.0
96 110.0 130.0
97 130.0 90.0
98 130.0 110.0
99 130.0 130.0
100 80.0 80.0
101 80.0 110.0
102 80.0 140.0
103 110.0 80.0
104 110.0 140.0
105 140.0 80.0
106 140.0 110.0
107 140.0 140.0
108 70.0 70.0
109 70.0 110.0
110 70.0 150.0
111 110.0 70.0
112 110.0 150.0
113 150.0 70.0
114 150.0 110.0
115 150.0 150.0
116 60.0 60.0
117 60.0 110.0
118 60.0 160.0
119 110.0 60.0
120 110.0 160.0
121 160.0 60.0
122 160.0 110.0
123 160.0 160.0
124 -10.0 100.0
125 -10.0 110.0
126 -10.0 120.0
127 0.0 100.0
128 0.0 120.0
129 10.0 100.0
130 10.0 110.0
131 10.0 120.0
132 -20.0 90.0
133 -20.0 110.0
134 -20.0 130.0
135 0.0 90.0
136 0.0 130.0
137 20.0 90.0
138 20.0 110.0
139 20.0 130.0
140 -30.0 80.0
141 -30.0 110.0
142 -30.0 140.0
143 0.0 80.0
144 0.0 140.0
145 30.0 80.0
146 30.0 110.0
147 30.0 140.0
148 -40.0 70.0
149 -40.0 110.0
150 -40.0 150.0
151 0.0 70.0
152 0.0 150.0
153 40.0 70.0
154 40.0 110.0
155 40.0 150.0
156 -50.0 60.0
157 -50.0 110.0
158 -50.0 160.0
159 0.0 60.0
160 0.0 160.0
161 50.0 60.0
162 50.0 110.0
163 50.0 160.0
157 149
149 141
141 133
133 125
131 139
139 147
147 155
155 163
163 118
118 110
110 102
102 94
94 86
90 98
98 106
106 114
114 122
87 95
95 103
103 111
111 119
119 80
80 72
72 64
64 56
56 48
50 58
58 66
66 74
74 82
9 17
17 25
25 33
33 41
41 76
76 68
68 60
60 52
52 44
37 29
29 21
21 13
13 5
8 16
16 24
24 32
32 40
40 159
159 151
151 143
143 135
135 127